1050: [1, 2, 3, 4, 5, 7]
1349: [1, 2, 3, 4, 5]
4160: [1, 2, 3]
12180: [1, 2, 3, 4]
12234: [2, 3, 4]
14937: [2, 4]
19870: [1, 2, 3, 4, 6]
20988: [1, 2, 3, 4]
24968: [2, 3]
29835: [1, 2, 3]
32552: [2, 4, 5]
34037: [2, 3]
35084: [2, 3, 4, 6]
36152: [1, 2, 4]
36219: [2, 4]
38506: [3, 6]
38556: [1, 3, 4]
38920: [1, 2, 3, 4, 5]
40649: [2, 3, 6, 7]
41177: [1, 3, 4, 7]
42436: [1, 3, 4]
42959: [2, 4, 5]
46151: [1, 3, 4]
46646: [2, 3, 4, 7]
46756: [1, 3, 4]
47808: [2, 3, 4]
47902: [2, 3, 4, 6]
51368: [1, 3]
52007: [2, 4, 5, 6, 7]
52706: [2, 3, 4]
53644: [2, 3, 4]
54017: [2, 3, 4]
55360: [2, 3]
65811: [2, 3, 4]
67989: [1, 2, 3, 4, 7]
68289: [1, 2, 3, 4]
68482: [1, 3, 4]
69438: [1, 3, 4]
70697: [2, 4]
72737: [2, 3]
73993: [3, 7]
74155: [2, 4]
75033: [2, 3, 4]
77414: [3, 4]
91390: [1, 2, 3, 4]
93594: [2, 4]
95829: [1, 3, 4]
97460: [1, 2, 4]
98225: [1, 3, 4, 5]
98781: [2, 3, 4]
101528: [2, 4, 7]
101845: [2, 3, 4]
102004: [1, 3, 4]
104414: [3, 4]
104775: [2, 3, 4]
116996: [2, 4]
117339: [2, 3, 4]
138964: [2, 4, 5]
140240: [2, 4]
146469: [1, 3, 4, 7]
148051: [2, 3, 4]
148756: [2, 3, 4]
153460: [1, 3, 4]
155181: [1, 3, 4, 6]
166481: [1, 3, 4]
166695: [1, 2, 3, 4, 5]
168346: [2, 3]
170881: [1, 2, 3, 4]
177582: [1, 3]
187343: [2, 3]
